2017
2017
2017
2017
2017
2017
2017
2016
2017
2017
2017
2017
2016
2016
2017
2016
2016
2016
2016
2017
2016
2016
2016
2016
2016
2016
2016
2016
2016
2016
2016
2016
2017
2016
2016
2016
2016
2016
2016
2016
2016
2016
2016
2016
2016
2016
2016
2016
2016
2016
2015
2016
2016
2016
2015
2015
2016
2015
2016
2016
2016
2016
2016
2015
2015
2015
2015
2015
2015
2015
2015
2015
2015
2015
2015
2015
2015
2016
2015
2015
2014
2015
2015
2015
2015
2015
2015
2015
2014
2015
2015
2015
2014
2014
2014
2014
2014
2014
2014
2014
2014
2014
2014
2014
2014
2014
2014
2014
2014
2014
2014
2014
2014
2014
2013
2013
2013
2013
2013
2013
2013
2013
2013
2013
2013
2013
2013
2013
2013
2013
2013
2012
2012
2012
2012
2012
2012
2012
2012
2012
2012
2012
2012
2012
2012
2012
2012
2012
2012
2012
2012
2012
2012
2012
2012
2012
2012
2012
2012
2012
2012
2012
2012
2011
2011
2011
2011
2012
2011
2011
2012
2011
2011
2011
2011
2011
2011
2011
2011
2011
2011
2011
2011
2011
2011
2011
2011
2011
2011
2011
2011
2011
2011
2011
2011
2011
2011
2011
2011
2011
2011
2011
2011
2011
2011
2011
2011
2011
2011
2011
2011
2011
2010
2010
2010
2010
2010
2010
2010
2010
2010
2010
2010
2010
2010
2010
2010
2010
2010
2010
2010
2010
2010
2010
2010
2010
2010
2010
2010
2010
2010
2010
2010
2010
2010
2010
2009
2010
2010
2010
2010
2010
2010
2010
2010
2010
2010
1988
2010
2009
2009
2009
2009
2009
2009
2009
2009
2009
2009
2009
2009
2009
2009
2009
2009
2009
2009
2009
2009
2009
2009
2009
2009
2009
2009
2009
2009
2009
2009
2009
2009
2006
2008
2009
2008
2008
2008
2008
2008
2008
2008
2008
2008
2008
2008
2008
2008
2008
2008
2007
2007
2007
2007
2007
2007
2007
2007
2007
2007
2007
2007
2007
2007
2007
2007
2007
2007
2006
2006
2006
2007
2006
2006
2006
2006
2006
2005
2006
2006
2006
2006
2006
2006
2006
2006
2006
2006
2006
2006
2005
2005
2005
2005
2005
2005
2005
2004
2004
2004
2004
2004
2004
2004
2004
2003
2003
2003
2002
2002
2001
2002
1996
2001
1988
1996
1997
2001
1989
1993
2001
2001
1989
1989
1998
1999
2011
