2016
2012
2012
2011
2010
2008
2008
2008
2008
2008
2007
2002
2017
2015
2015
2015
2015
2014
2014
2013
2013
2013
2012
2011
2011
2011
2010
2009
2010
2010
2010
2010
2009
2009
2009
2008
2008
2008
2008
2007
2016
2016
2016
2015
2016
2015
2013
2014
2014
2014
2013
2013
2013
2013
2012
2013
2013
2013
2013
2013
2012
2012
2006
2012
2011
2011
2010
2010
2010
2010
2010
2009
2006
2007
2006
2005
2004
1998
1999
2016
2016
2016
2016
2016
2016
2015
2015
2014
2014
2014
2013
2013
2012
2012
2011
2011
2010
2010
2010
2010
2010
2010
2010
2009
2009
2009
2009
2009
2008
2009
2009
2008
2008
2008
2008
2008
2008
2007
2007
2007
2005
2005
2005
2005
2001
2004
2004
2003
2003
2001