2016
2016
2016
2016
2016
2015
2013
2014
2014
2013
2013
2011
2013
2013
2012
2012
2011
2011
2010
2010
2010
2009
2008
2007
1999
1995
2016
2016
2012
2011
2011
2011
2011
2010
2010
2015
2014
2016
2016
2016
2016
2016
2016
2016
2016
2016
2016
2016
2016
2016
2015
2016
2016
2016
2016
2016
2016
2016
2016
2016
2016
2016
2016
2016
2016
2016
2016
2016
2016
2016
2015
2016
2016
2016
2016
2016
2014
2015
2015
2015
2015
2015
2016
2016
2015
2015
2015
2015
2015
2015
2015
2016
2015
2015
2015
2015
2015
2016
2015
2015
2015
2015
2015
2015
2015
2015
2014
2014
2015
2015
2015
2015
2015
2015
2015
2015
2015
2015
2015
2014
2014
2014
2014
2014
2014
2014
2014
2014
2014
2014
2014
2014
2014
2014
2014
2014
2014
2014
2014
2014
2013
2014
2014
2014
2014
2014
2014
2013
2013
2013
2014
2014
2014
2013
2013
2013
2013
2013
2016
2014
2013
2012
2012
2016
2016
2016
2016
2014
2013
2014
2013
2013
2011
2010
2016
2016
2016
2016
2016
2016
2016
2016
2016
2016
2016
2016
2006
2016
2016
2016
2016
2016
2016
2016
2016
2016
2016
2016
2016
2016
2016
2016
2016
2016
2016
2016
2016
2016
2016
2016
2016
2016
2016
2016
2016
2015
2015
2016
2015
2015
2015
2015
2015
2015
2015
2015
2015
2015
2015
2015
2015
2015
2015
2015
2015
2015
2014
2015
2015
2015
2015
2015
2015
2015
2015
2015
2015
2015
2015
2015
2014
2015
2015
2015
2014
2015
2015
2015
2014
2015
2007
2015
2014
2014
2015
2014
2014
2015
2014
2014
2014
2014
2014
2014
2014
2014
2014
2014
2014
2014
2015
2014
2014
2014
2013
2014
2014
2014
2014
2014
2014
2014
2014
2014
2014
2014
2014
2014
2014
2014
2013
2014
2014
2012
2014
2014
2014
2014
2014
2014
2014
2014
2013
2013
2013
2013
2013
2013
2013
2013
2013
2013
2013
2013
2013
2013
2013
2013
2013
2013
2013
2013
2013
2013
2013
2013
2013
2013
2013
2013
2013
2013
2013
2013
2013
2013
2013
2012
2013
2012
2013
1999
2012
2012
2012
2013
2012
2012
2012
2012
2012
2012
2012
2012
2012
2012
2012
2012
2012
2012
2012
2012
1999
2012
2012
2012
2012
2012
2012
2012
2012
2012
2012
2012
2012
2012
2012
2012
2012
2012
2012
2012
2011
2012
2011
2011
2011
2011
2011
2011
2011
2011
2011
2011
2011
2011
2011
2011
2011
2011
2011
2011
2011
2011
2011
2011
2011
2011
2010
2010
2010
2011
2011
2010
2010
2010
2010
2010
2010
2010
2010
2010
2010
2010
2010
2009
2009
2009
2009
2009
2009
2009
2009
2009
2009
2009
2008
2008
2008
2007
2007
2007
2006
2007
2007
2006
2006
2005
2005
2005
2006
2006
2006
2006
2005
2005
2005
2005
2005
2005
2005
2005
2005
2005
2005
2003
2004
2003
2003
2002
2003
2001
2002
2001
1998
1999
1996
1999
2000
1999
1999
1997
1996
2000
1996
1997
1996
1995
1998
2015
2013
2011
2011
2015
2012
2012
2011
2009
2007
2016
2016
2016
2016
2016
2016
2016
2016
2016
2016
2016
2016
2016
2016
2016
2016
2016
2016
2016
2016
2015
2014
2016
2016
2015
2016
2015
2016
2015
2015
2015
2015
2015
2015
2015
2015
2015
2015
2015
2015
2015
2015
2015
2015
2014
2015
2015
2015
2015
2015
2015
2015
2015
2015
2015
2014
2015
2015
2015
2015
2015
2014
2014
2014
2014
2014
2014
2014
2014
2014
2014
2014
2014
2014
2014
2014
2014
2014
2014
2014
2014
2014
2014
2014
2014
2014
2014
2013
2013
2014
2013
2013
2013
2013
2013
2013
2013
2013
2013
2013
2013
2013
2013
2013
2013
2013
2012
2013
2012
2013
2012
2012
2012
2012
2012
2012
2012
2012
2012
2012
2012
2012
2012
2012
2012
2012
2012
2012
2012
2012
2012
2011
2012
2011
2011
2011
2011
2011
2011
2011
2010
2010
2010
2010
2010
2010
2010
2009
2009
2009
2008
2009
2008
2008
2008
2008
2008
2008
2008
2008
2008
2007
2007
2007
2007
2007
2007
2007
2007
2006
2006
2007
2007
2006
2006
2006
2006
